+--------------+---------+------------+----------+---------------+----------------+----------------+-----------------+
|     name     |  coefs  | coef_expit | coef_exp | linreg_scores | linreg_pvalues | classif_scores | classif_pvalues |
+--------------+---------+------------+----------+---------------+----------------+----------------+-----------------+
| sp500_1yr_t  |  0.8068 |   0.6914   |  2.2407  |   3719.0971   |      0.0       |      nan       |       nan       |
| sp500_2yr_t  |  0.0087 |   0.5022   |  1.0087  |   1760.9364   |      0.0       |      nan       |       nan       |
| sp500_3yr_t  | -0.1997 |   0.4502   |  0.8189  |   1699.8526   |      0.0       |      nan       |       nan       |
| sp500_4yr_t  | -0.0378 |   0.4905   |  0.9629  |   1649.0414   |      0.0       |      nan       |       nan       |
| sp500_5yr_t  | -0.2294 |   0.4429   |  0.795   |    711.6134   |      0.0       |      nan       |       nan       |
| sp500_6yr_t  |  0.4087 |   0.6008   |  1.5048  |    551.8534   |      0.0       |      nan       |       nan       |
| sp500_7yr_t  |  0.1643 |   0.541    |  1.1786  |    701.1602   |      0.0       |      nan       |       nan       |
| sp500_8yr_t  |  0.1528 |   0.5381   |  1.165   |   1411.5034   |      0.0       |      nan       |       nan       |
| sp500_9yr_t  | -0.5172 |   0.3735   |  0.5962  |    6876.95    |      0.0       |      nan       |       nan       |
| sp500_10yr_t | -0.1861 |   0.4536   |  0.8302  |   8736.6446   |      0.0       |      nan       |       nan       |
| sp500_11yr_t |  0.2458 |   0.5611   |  1.2786  |   2259.7792   |      0.0       |      nan       |       nan       |
| sp500_12yr_t |  0.4674 |   0.6148   |  1.5958  |   1129.6696   |      0.0       |      nan       |       nan       |
+--------------+---------+------------+----------+---------------+----------------+----------------+-----------------+