+--------------+---------+------------+----------+---------------+----------------+----------------+-----------------+
|     name     |  coefs  | coef_expit | coef_exp | linreg_scores | linreg_pvalues | classif_scores | classif_pvalues |
+--------------+---------+------------+----------+---------------+----------------+----------------+-----------------+
| sp500_1yr_t  |  0.8058 |   0.6912   |  2.2384  |   3719.0971   |      0.0       |      nan       |       nan       |
| sp500_2yr_t  |  0.0098 |   0.5025   |  1.0099  |   1760.9364   |      0.0       |      nan       |       nan       |
| sp500_3yr_t  | -0.1981 |   0.4506   |  0.8203  |   1699.8526   |      0.0       |      nan       |       nan       |
| sp500_4yr_t  | -0.0442 |   0.489    |  0.9568  |   1649.0414   |      0.0       |      nan       |       nan       |
| sp500_5yr_t  | -0.2194 |   0.4454   |  0.803   |    711.6134   |      0.0       |      nan       |       nan       |
| sp500_6yr_t  |  0.3986 |   0.5984   |  1.4898  |    551.8534   |      0.0       |      nan       |       nan       |
| sp500_7yr_t  |  0.1704 |   0.5425   |  1.1857  |    701.1602   |      0.0       |      nan       |       nan       |
| sp500_8yr_t  |  0.1539 |   0.5384   |  1.1663  |   1411.5034   |      0.0       |      nan       |       nan       |
| sp500_9yr_t  | -0.5207 |   0.3727   |  0.5941  |    6876.95    |      0.0       |      nan       |       nan       |
| sp500_10yr_t | -0.1814 |   0.4548   |  0.8341  |   8736.6446   |      0.0       |      nan       |       nan       |
| sp500_11yr_t |  0.241  |    0.56    |  1.2726  |   2259.7792   |      0.0       |      nan       |       nan       |
| sp500_12yr_t |  0.4686 |   0.615    |  1.5977  |   1129.6696   |      0.0       |      nan       |       nan       |
+--------------+---------+------------+----------+---------------+----------------+----------------+-----------------+