+--------------+---------------+----------------+----------------+-----------------+
|     name     | linreg_scores | linreg_pvalues | classif_scores | classif_pvalues |
+--------------+---------------+----------------+----------------+-----------------+
| sp500_1yr_t  |   2129.9533   |      0.0       |      nan       |       nan       |
| sp500_2yr_t  |    949.202    |      0.0       |      nan       |       nan       |
| sp500_3yr_t  |    919.4525   |      0.0       |      nan       |       nan       |
| sp500_4yr_t  |    288.1976   |      0.0       |      nan       |       nan       |
| sp500_5yr_t  |    345.6426   |      0.0       |      nan       |       nan       |
| sp500_6yr_t  |    295.5343   |      0.0       |      nan       |       nan       |
| sp500_7yr_t  |    480.4657   |      0.0       |      nan       |       nan       |
| sp500_8yr_t  |   1071.7027   |      0.0       |      nan       |       nan       |
| sp500_9yr_t  |    3701.729   |      0.0       |      nan       |       nan       |
| sp500_10yr_t |   4502.6915   |      0.0       |      nan       |       nan       |
| sp500_11yr_t |   1312.5803   |      0.0       |      nan       |       nan       |
| sp500_12yr_t |    602.7681   |      0.0       |      nan       |       nan       |
+--------------+---------------+----------------+----------------+-----------------+