+--------------+---------+------------+----------+---------------+----------------+----------------+-----------------+
|     name     |  coefs  | coef_expit | coef_exp | linreg_scores | linreg_pvalues | classif_scores | classif_pvalues |
+--------------+---------+------------+----------+---------------+----------------+----------------+-----------------+
| sp500_1yr_t  |  0.8075 |   0.6916   |  2.2422  |   3719.0971   |      0.0       |      nan       |       nan       |
| sp500_2yr_t  |  0.008  |   0.502    |  1.0081  |   1760.9364   |      0.0       |      nan       |       nan       |
| sp500_3yr_t  | -0.1984 |   0.4506   |   0.82   |   1699.8526   |      0.0       |      nan       |       nan       |
| sp500_4yr_t  | -0.0414 |   0.4897   |  0.9595  |   1649.0414   |      0.0       |      nan       |       nan       |
| sp500_5yr_t  | -0.2247 |   0.4441   |  0.7988  |    711.6134   |      0.0       |      nan       |       nan       |
| sp500_6yr_t  |  0.4068 |   0.6003   |  1.502   |    551.8534   |      0.0       |      nan       |       nan       |
| sp500_7yr_t  |  0.1623 |   0.5405   |  1.1763  |    701.1602   |      0.0       |      nan       |       nan       |
| sp500_8yr_t  |  0.1564 |   0.539    |  1.1693  |   1411.5034   |      0.0       |      nan       |       nan       |
| sp500_9yr_t  | -0.5187 |   0.3732   |  0.5953  |    6876.95    |      0.0       |      nan       |       nan       |
| sp500_10yr_t | -0.1856 |   0.4537   |  0.8306  |   8736.6446   |      0.0       |      nan       |       nan       |
| sp500_11yr_t |  0.2471 |   0.5615   |  1.2803  |   2259.7792   |      0.0       |      nan       |       nan       |
| sp500_12yr_t |  0.4647 |   0.6141   |  1.5916  |   1129.6696   |      0.0       |      nan       |       nan       |
+--------------+---------+------------+----------+---------------+----------------+----------------+-----------------+