+--------------+---------+------------+----------+---------------+----------------+----------------+-----------------+
|     name     |  coefs  | coef_expit | coef_exp | linreg_scores | linreg_pvalues | classif_scores | classif_pvalues |
+--------------+---------+------------+----------+---------------+----------------+----------------+-----------------+
| sp500_1yr_t  |  0.8083 |   0.6917   |  2.2441  |   3719.0971   |      0.0       |      nan       |       nan       |
| sp500_2yr_t  |  0.0068 |   0.5017   |  1.0068  |   1760.9364   |      0.0       |      nan       |       nan       |
| sp500_3yr_t  | -0.1982 |   0.4506   |  0.8202  |   1699.8526   |      0.0       |      nan       |       nan       |
| sp500_4yr_t  | -0.0395 |   0.4901   |  0.9612  |   1649.0414   |      0.0       |      nan       |       nan       |
| sp500_5yr_t  | -0.2276 |   0.4433   |  0.7964  |    711.6134   |      0.0       |      nan       |       nan       |
| sp500_6yr_t  |  0.4098 |   0.601    |  1.5066  |    551.8534   |      0.0       |      nan       |       nan       |
| sp500_7yr_t  |  0.1604 |    0.54    |  1.174   |    701.1602   |      0.0       |      nan       |       nan       |
| sp500_8yr_t  |  0.1559 |   0.5389   |  1.1687  |   1411.5034   |      0.0       |      nan       |       nan       |
| sp500_9yr_t  | -0.5173 |   0.3735   |  0.5961  |    6876.95    |      0.0       |      nan       |       nan       |
| sp500_10yr_t | -0.1861 |   0.4536   |  0.8301  |   8736.6446   |      0.0       |      nan       |       nan       |
| sp500_11yr_t |  0.2486 |   0.5618   |  1.2822  |   2259.7792   |      0.0       |      nan       |       nan       |
| sp500_12yr_t |  0.4632 |   0.6138   |  1.5892  |   1129.6696   |      0.0       |      nan       |       nan       |
+--------------+---------+------------+----------+---------------+----------------+----------------+-----------------+