+--------------+--------+---------------+----------------+----------------+-----------------+
|     name     |  coef  | linreg_scores | linreg_pvalues | classif_scores | classif_pvalues |
+--------------+--------+---------------+----------------+----------------+-----------------+
| sp500_1yr_t  | 0.1717 |   3706.4344   |      0.0       |      nan       |       nan       |
| sp500_2yr_t  | 0.0028 |   1729.6989   |      0.0       |      nan       |       nan       |
| sp500_3yr_t  | 0.1776 |   1636.9371   |      0.0       |      nan       |       nan       |
| sp500_4yr_t  | 0.2677 |    509.8829   |      0.0       |      nan       |       nan       |
| sp500_5yr_t  | 0.1635 |    596.7964   |      0.0       |      nan       |       nan       |
| sp500_6yr_t  | 0.0015 |    507.4595   |      0.0       |      nan       |       nan       |
| sp500_7yr_t  | 0.0084 |    822.0922   |      0.0       |      nan       |       nan       |
| sp500_8yr_t  | 0.0016 |   1850.1975   |      0.0       |      nan       |       nan       |
| sp500_9yr_t  | 0.0086 |   5673.7595   |      0.0       |      nan       |       nan       |
| sp500_10yr_t | 0.0869 |   6993.3939   |      0.0       |      nan       |       nan       |
| sp500_11yr_t | 0.0847 |   2090.6667   |      0.0       |      nan       |       nan       |
| sp500_12yr_t | 0.0249 |    979.545    |      0.0       |      nan       |       nan       |
+--------------+--------+---------------+----------------+----------------+-----------------+