+--------------+---------+------------+----------+---------------+----------------+----------------+-----------------+
|     name     |  coefs  | coef_expit | coef_exp | linreg_scores | linreg_pvalues | classif_scores | classif_pvalues |
+--------------+---------+------------+----------+---------------+----------------+----------------+-----------------+
| sp500_1yr_t  |  0.8064 |   0.6913   |  2.2398  |   3719.0971   |      0.0       |      nan       |       nan       |
| sp500_2yr_t  |  0.0108 |   0.5027   |  1.0109  |   1760.9364   |      0.0       |      nan       |       nan       |
| sp500_3yr_t  | -0.2031 |   0.4494   |  0.8162  |   1699.8526   |      0.0       |      nan       |       nan       |
| sp500_4yr_t  | -0.0336 |   0.4916   |  0.9669  |   1649.0414   |      0.0       |      nan       |       nan       |
| sp500_5yr_t  | -0.2338 |   0.4418   |  0.7915  |    711.6134   |      0.0       |      nan       |       nan       |
| sp500_6yr_t  |  0.4127 |   0.6017   |  1.5109  |    551.8534   |      0.0       |      nan       |       nan       |
| sp500_7yr_t  |  0.163  |   0.5407   |  1.177   |    701.1602   |      0.0       |      nan       |       nan       |
| sp500_8yr_t  |  0.1516 |   0.5378   |  1.1637  |   1411.5034   |      0.0       |      nan       |       nan       |
| sp500_9yr_t  | -0.5155 |   0.3739   |  0.5972  |    6876.95    |      0.0       |      nan       |       nan       |
| sp500_10yr_t | -0.1917 |   0.4522   |  0.8255  |   8736.6446   |      0.0       |      nan       |       nan       |
| sp500_11yr_t |  0.2576 |   0.5641   |  1.2939  |   2259.7792   |      0.0       |      nan       |       nan       |
| sp500_12yr_t |  0.4598 |   0.613    |  1.5837  |   1129.6696   |      0.0       |      nan       |       nan       |
+--------------+---------+------------+----------+---------------+----------------+----------------+-----------------+