+--------------+---------+------------+----------+---------------+----------------+----------------+-----------------+
|     name     |  coefs  | coef_expit | coef_exp | linreg_scores | linreg_pvalues | classif_scores | classif_pvalues |
+--------------+---------+------------+----------+---------------+----------------+----------------+-----------------+
| sp500_1yr_t  |  0.8067 |   0.6914   |  2.2406  |   3719.0971   |      0.0       |      nan       |       nan       |
| sp500_2yr_t  |  0.0086 |   0.5021   |  1.0086  |   1760.9364   |      0.0       |      nan       |       nan       |
| sp500_3yr_t  | -0.1984 |   0.4506   |  0.8201  |   1699.8526   |      0.0       |      nan       |       nan       |
| sp500_4yr_t  | -0.0388 |   0.4903   |  0.9619  |   1649.0414   |      0.0       |      nan       |       nan       |
| sp500_5yr_t  | -0.2302 |   0.4427   |  0.7944  |    711.6134   |      0.0       |      nan       |       nan       |
| sp500_6yr_t  |  0.4096 |   0.601    |  1.5062  |    551.8534   |      0.0       |      nan       |       nan       |
| sp500_7yr_t  |  0.1634 |   0.5408   |  1.1776  |    701.1602   |      0.0       |      nan       |       nan       |
| sp500_8yr_t  |  0.1543 |   0.5385   |  1.1669  |   1411.5034   |      0.0       |      nan       |       nan       |
| sp500_9yr_t  | -0.5157 |   0.3738   |  0.5971  |    6876.95    |      0.0       |      nan       |       nan       |
| sp500_10yr_t | -0.1921 |   0.4521   |  0.8252  |   8736.6446   |      0.0       |      nan       |       nan       |
| sp500_11yr_t |  0.2525 |   0.5628   |  1.2872  |   2259.7792   |      0.0       |      nan       |       nan       |
| sp500_12yr_t |  0.4645 |   0.6141   |  1.5913  |   1129.6696   |      0.0       |      nan       |       nan       |
+--------------+---------+------------+----------+---------------+----------------+----------------+-----------------+